CHANGE INTERFACE :1708371011.7071676
Recovery: 1708371011.7083018
REPLAY_SIZE:0
RESUME :1708371012.3258343
