CHANGE INTERFACE :1706852892.2162197
REPLAY_SIZE:57
RESUME :1706852897.4632783
