CHANGE INTERFACE :1708371154.0469012
Recovery: 1708371154.0782318
REPLAY_SIZE:0
RESUME :1708371154.855374
