CHANGE INTERFACE :1706851962.0170689
REPLAY_SIZE:36
RESUME :1706851963.84186
